29.450000
37.220000
48.630000
54.240000
55.550000
57.870000
58.850000
59.080000
63.150000
65.230000
65.740000
65.900000
67.760000
70.000000
70.310000
71.010000
72.780000
73.130000
73.410000
74.140000
74.680000
75.040000
75.680000
75.840000
75.820000
76.550000
77.290000
78.210000
78.290000
78.770000
78.960000
79.370000
79.430000
79.880000
79.900000
80.590000
81.120000
81.110000
81.420000
81.850000
81.830000
81.850000
82.090000
82.210000
82.380000
82.600000
82.630000
82.600000
82.730000
82.710000
82.860000
83.060000
83.120000
83.080000
83.170000
83.110000
83.310000
83.420000
83.460000
83.640000
83.780000
83.860000
84.010000
83.990000
83.970000
84.000000
84.010000
84.140000
84.320000
84.330000
84.360000
84.430000
84.560000
84.550000
84.760000
84.900000
84.980000
84.970000
84.980000
84.940000
84.990000
85.000000
85.020000
85.070000
85.120000
85.080000
85.250000
85.310000
85.380000
85.370000
85.400000
85.390000
85.430000
85.390000
85.490000
85.420000
85.410000
85.450000
85.500000
85.550000
