11.350000
11.350000
20.620000
20.580000
28.060000
36.980000
42.000000
42.000000
42.860000
42.860000
51.240000
51.330000
58.030000
58.830000
59.550000
59.660000
59.830000
59.870000
64.150000
67.230000
67.630000
75.170000
75.870000
76.200000
76.250000
76.250000
76.250000
78.800000
78.800000
80.880000
80.990000
80.990000
81.580000
81.650000
81.860000
81.860000
81.950000
81.940000
81.950000
81.950000
81.950000
82.020000
82.110000
82.160000
82.150000
84.660000
84.730000
84.730000
84.720000
84.720000
84.720000
84.720000
85.290000
85.290000
85.380000
85.640000
86.180000
86.190000
86.620000
86.960000
87.180000
87.310000
87.300000
87.310000
87.290000
87.290000
87.290000
87.290000
87.400000
87.410000
87.410000
87.410000
87.430000
87.310000
87.310000
87.310000
87.310000
87.310000
87.320000
87.340000
87.320000
87.320000
87.540000
87.570000
87.740000
87.760000
87.780000
87.780000
87.780000
87.830000
87.970000
87.970000
87.950000
88.010000
88.010000
88.040000
88.040000
88.090000
88.090000
88.090000
